%%parameters boost

T = 50e-6;

fixedgain_v1 = 10*10000/(3*100*2.5);
gain_v1 = 1;
offset_v1 = 0.15;

fixedgain_v3 = 10*22000/(3*100*2.5);
gain_v3 = 1;
offset_v3 = 0.6;

fixedgain_v4 = 10*22000/(3*100*2.5);
gain_v4 = 1;
offset_v4 = 0.2;

fixedgain_i1 = 10*1000/(3*100);
gain_i1 = 1;
offset_i1 = 0.25;


d = 50;